1.118000000000000105e+00
2.115000000000000213e+00
1.679000000000000048e+00
1.284000000000000030e+00
2.720000000000000195e-01
2.351999999999999869e+00
7.149999999999999689e-01
1.970000000000000084e-01
1.559999999999999998e-01
5.949999999999999734e-01
3.410000000000000253e-01
3.300000000000000155e-02
1.429999999999999882e-01
3.960000000000000187e-01
3.350000000000000200e-01
4.769999999999999796e-01
1.243999999999999995e+00
2.369999999999999885e-01
3.850000000000000089e-01
8.391000000000000014e+00
5.100000000000000089e-01
1.237999999999999989e+00
5.310000000000000275e-01
8.899999999999999578e-02
1.274000000000000021e+00
4.309999999999999942e-01
1.187999999999999945e+00
7.399999999999999911e-01
2.570000000000000062e-01
1.276000000000000023e+00
3.880000000000000115e-01
8.040000000000000480e-01
4.189999999999999836e-01
1.362999999999999989e+00
5.979999999999999760e-01
6.870000000000000551e-01
7.054999999999999716e+00
1.950000000000000067e-01
1.272000000000000020e+00
2.270000000000000073e-01
2.010000000000000120e-01
3.430000000000000271e-01
5.290000000000000258e-01
2.210000000000000020e-01
1.203000000000000069e+00
1.524999999999999911e+00
6.830000000000000515e-01
1.576000000000000068e+00
9.449999999999999512e-01
