1.946754675467552431e-01
6.309924981245302433e+00
2.039877769289535081e+02
5.690801970443345681e+01
1.241616666666666902e+01
9.592857142857141639e+01
3.304018375241793137e+01
3.930201474201470546e+01
1.619338775510202311e+01
1.737278931952869243e+01
7.260401697312573788e+00
7.865059708093781410e+00
2.981651070802243453e+00
9.190106125970669382e+01
1.389010989010988339e+01
2.090986363636362739e+02
2.005714285714287826e+01
1.330092332396628763e+01
5.444416666666666060e+01
1.518056818181818812e+01
2.594939391370683524e+00
1.503051948051947306e+01
1.239692307692307338e+01
9.642388888888885390e+01
1.026548571428572032e+01
6.988971153757049137e+00
8.724618250249633888e+01
3.510761572921853713e+01
1.811499513702173658e+00
3.558658322903630733e+01
1.224430172973200115e+00
4.758877922077928702e+00
1.503108937158017966e+01
9.375573149741819634e+01
6.839828272251295971e-01
1.893275133689843415e+01
3.951258698474362063e+00
3.499003831417627453e+01
5.096309526766867748e+01
1.408392344497607951e+01
6.647918762088988842e+01
2.791954094292802324e+01
5.389678321678326256e+01
4.012796824898529735e+01
4.368954207920793920e+01
1.057975427350427822e+01
4.239930819785544713e+01
3.152007970570195994e+01
3.832628571428566033e+01
2.574568421052632061e+00
2.370574545454546751e+02
3.181032467532467933e+01
1.804806521739131142e+00
1.936358695652172912e+01
6.715000000000003411e+01
4.900646305418717930e+01
5.474461979913917276e+01
3.792951572844799557e+00
2.712940092165899841e+01
1.558247809762204383e+01
3.768592592592591473e+01
6.940625978090764647e+00
1.106987500000000182e+02
4.589478539911738153e+00
2.463456943265651944e+01
5.294410714285726627e-01
3.315969373803653752e+00
2.004625000000000057e+01
3.315377388036331752e+00
1.475805405405405395e+02
1.944502325581393620e+01
5.573654978962133555e+01
1.109125940119760685e+02
1.595268907563024641e+01
1.329215542521995985e+01
2.522456140350877263e+01
1.723489184060723289e+01
1.329018109560581706e+01
5.106033333333331825e+01
7.687110389610393213e+01
1.533389999999999418e+02
1.366827935222672750e+02
4.886391169368744158e+01
1.031741185296324659e+01
8.607161125319692019e+00
1.103675374667174083e+02
2.908366512854314578e+01
