2.094274509803922228e+02
4.025201393728224275e+01
1.015868181818180460e+01
3.800700876095118019e+01
3.163332893869477402e+01
2.523155953025974441e+01
5.831654027464651335e+00
2.362741336998132624e+01
9.736058334189181096e+00
1.032585858585859455e+02
1.440467532467533829e+01
1.059565078349855582e+01
5.444416666666666060e+01
1.284509615384618542e+01
1.520506718924973910e+00
9.099557739557724290e+00
9.479999999999989768e+00
4.912160377358492269e+01
5.675117568716558480e+00
4.481497899035332466e+01
3.049602213766866043e+01
2.323013071895434223e+01
1.749387712942905182e+00
4.244404633204638344e+00
1.249775970221270427e+01
6.836355421686755562e+01
4.389293338845732251e+00
5.850168510638297903e+01
2.846866935483870975e+01
3.010965364775236708e+01
3.865357142857152439e+01
2.874471428571430920e+01
1.372437894736841599e+02
4.796428571428566556e+01
2.960807142857140661e+01
2.890243902439027579e+01
2.234185958254266779e+01
4.334350100603622025e+01
7.907053571428571104e+01
4.363236640056925353e+00
2.180625506838944716e+01
7.529619415333701227e+01
1.466905263157894979e+01
1.116688235294117248e+01
1.303618544454167250e+01
4.974012605042011614e+01
9.513733576642334810e+01
4.386708590246638551e+01
1.834253880266072656e+01
