1.871152552148416248e-01
6.140351325455128517e+00
2.094274509803922228e+02
4.025201393728224275e+01
1.015868181818180460e+01
4.796428571428569398e+01
3.800700876095118019e+01
3.163332893869477402e+01
5.431744320369674028e+00
2.523155953025974441e+01
6.727528178243773027e+00
5.831654027464651335e+00
2.153286551432678664e+00
2.362741336998132624e+01
9.736058334189181096e+00
1.032585858585859455e+02
1.440467532467533829e+01
1.059565078349855582e+01
5.444416666666666060e+01
1.284509615384618542e+01
1.520506718924973910e+00
9.099557739557724290e+00
9.479999999999989768e+00
4.912160377358492269e+01
5.703047619047620032e+00
5.675117568716558480e+00
4.481497899035332466e+01
3.049602213766866043e+01
1.749831445150590525e+00
2.323013071895434223e+01
1.749387712942905182e+00
4.244404633204638344e+00
1.249775970221270427e+01
6.836355421686755562e+01
6.593664786874668948e-01
1.682911229946529375e+01
4.389293338845732251e+00
3.047519466073413241e+01
1.196587526793916822e+01
1.070378181818180963e+01
5.850168510638297903e+01
6.700689826302749452e+00
3.952430769230767282e+01
1.976079503105592039e+01
2.846866935483870975e+01
6.137109855001227743e+00
3.010965364775236708e+01
3.865357142857152439e+01
2.874471428571430920e+01
2.329371428571427316e+00
1.372437894736841599e+02
1.767240259740259489e+01
1.660421999999996956e+00
1.863710317460318322e+01
4.796428571428566556e+01
2.960807142857140661e+01
2.890243902439027579e+01
2.770181130548070314e+01
2.234185958254266779e+01
2.209756592292089294e+01
3.380603773584905980e+01
4.334350100603622025e+01
7.907053571428571104e+01
4.363236640056925353e+00
2.180625506838944716e+01
4.458451127819547111e-01
3.163159725241285969e+00
1.572859615384615495e+01
2.728584929976801021e+00
7.529619415333701227e+01
1.466905263157894979e+01
3.287027295285361106e+01
4.446902671341251789e+01
1.116688235294117248e+01
1.303618544454167250e+01
2.066918238993710588e+01
1.204081484754749454e+01
1.103828959377851504e+01
4.156073643410854856e+01
4.974012605042011614e+01
9.513733576642334810e+01
5.983808933002478625e+01
4.386708590246638551e+01
7.682228739002937346e+00
8.335356037151711917e+00
5.198335872235873012e+01
1.834253880266072656e+01
