6.282823529411765549e+02
2.750554285714285925e+02
1.117454999999999927e+02
4.845893617021276327e+02
3.242416216216216185e+02
3.836490974729241543e+02
1.793233613445378580e+02
2.721226229508196752e+02
6.510989010989011661e+01
5.575963636363636624e+02
3.169028571428571581e+02
1.041905660377358487e+02
3.811091666666666811e+02
1.669862500000000125e+02
2.101063829787234383e+01
8.417090909090909179e+01
8.057999999999999829e+01
2.002650000000000148e+02
6.037694524495677229e+01
1.842953068592057946e+02
1.799265306122449317e+02
4.181423529411765116e+02
2.722316417910448081e+02
7.852148571428571699e+01
1.483067484662576874e+02
5.048385542168675784e+02
6.596132489765539049e+02
9.750280851063830596e+02
1.634312500000000057e+02
2.077566101694915233e+02
3.865357142857143344e+02
2.299577142857143315e+02
6.519080000000000155e+02
3.357500000000000000e+02
2.368645714285714234e+02
2.659024390243902758e+02
2.532077419354838526e+02
1.338549295774647874e+02
3.320962499999999977e+02
1.770227436823104767e+02
2.454962264150943270e+02
3.074594594594594810e+02
1.194480000000000075e+02
7.444588235294116885e+01
4.120568181818182438e+02
2.818607142857142094e+02
7.666950000000000500e+02
3.403022421524664196e+02
2.690239024390244253e+02
