9.636435643564357889e+00
7.752193548387097621e+01
6.282823529411765549e+02
2.750554285714285925e+02
1.117454999999999927e+02
1.918571428571428612e+02
4.845893617021276327e+02
3.242416216216216185e+02
7.197061224489797837e+01
3.836490974729241543e+02
1.833251428571428505e+02
1.793233613445378580e+02
4.218484107579462972e+01
2.721226229508196752e+02
6.510989010989011661e+01
5.575963636363636624e+02
3.169028571428571581e+02
1.041905660377358487e+02
3.811091666666666811e+02
1.669862500000000125e+02
2.101063829787234383e+01
8.417090909090909179e+01
8.057999999999999829e+01
2.002650000000000148e+02
2.566371428571428837e+01
6.037694524495677229e+01
1.842953068592057946e+02
1.799265306122449317e+02
1.028025974025973994e+02
4.181423529411765116e+02
2.722316417910448081e+02
7.852148571428571699e+01
1.483067484662576874e+02
5.048385542168675784e+02
3.664193717277487394e+01
3.029240213903743211e+02
6.596132489765539049e+02
4.723655172413792798e+02
3.021383505154639124e+02
8.919818181818180847e+01
9.750280851063830596e+02
1.451816129032258118e+02
2.964323076923076883e+02
2.470099378881987775e+02
1.634312500000000057e+02
1.987153846153846075e+02
2.077566101694915233e+02
3.865357142857143344e+02
2.299577142857143315e+02
4.891680000000000206e+01
6.519080000000000155e+02
1.166378571428571291e+02
4.151055000000000206e+01
1.214624999999999915e+02
3.357500000000000000e+02
2.368645714285714234e+02
2.659024390243902758e+02
3.077031963470319624e+02
2.532077419354838526e+02
1.830941176470588232e+02
2.654399999999999977e+02
1.338549295774647874e+02
3.320962499999999977e+02
1.770227436823104767e+02
2.454962264150943270e+02
5.647371428571428709e+00
1.372811320754717030e+02
6.013875000000000171e+01
3.083300970873786184e+01
3.074594594594594810e+02
1.194480000000000075e+02
1.602425806451612971e+02
3.300970059880239660e+02
7.444588235294116885e+01
4.120568181818182438e+02
1.369333333333333371e+02
7.990722580645160633e+01
1.302912396694215147e+02
2.553016666666667049e+02
2.818607142857142094e+02
7.666950000000000500e+02
3.709961538461538453e+02
3.403022421524664196e+02
1.267567741935483951e+02
7.918588235294117794e+01
7.327178181818180747e+02
2.690239024390244253e+02
